start=354.233333
speed=1.210000
