start=78.328250
speed=1.128948
pause=yes
