start=358.200000
sub-delay=-0.200000
sub-visibility=no
