start=338.438438
speed=1.026316
fullscreen=yes
