start=194.433333
speed=1.948717
pause=yes
volume=85.000000
