start=11.800000
speed=1.331000
