start=25.633333
speed=2.000000
volume=105.000000
panscan=0.200000
