start=267.633333
speed=2.420000
pause=yes
sub-delay=-0.100000
