start=1112.633333
volume=90.000000
fullscreen=yes
