start=13.666667
pause=yes
volume=102.000000
