start=604.701333
speed=1.026316
fullscreen=yes
