start=17.000000
speed=1.464100
