start=99.300000
speed=1.210000
fullscreen=yes
