start=323.016666
speed=1.464100
deinterlace=yes
