start=258.500000
panscan=0.100000
