start=142.666667
audio-delay=-0.100000
