start=2821.266667
speed=1.100000
pause=yes
volume=94.000000
