start=100.333000
pause=yes
volume=102.000000
