start=345.166667
speed=1.000000
pause=yes
fullscreen=yes
sub-pos=99
