start=19.266667
speed=1.210000
fullscreen=yes
