start=66.133333
speed=1.331000
pause=yes
contrast=-2
