start=269.169311
speed=1.210000
fullscreen=yes
