start=0.866667
speed=1.464100
pause=yes
fullscreen=yes
sub-pos=98
