start=46.733333
speed=1.210000
