start=10.733333
speed=1.210000
