start=417.066667
speed=1.210000
