start=584.800000
speed=1.026316
