start=816.500000
volume=90.000000
fullscreen=yes
