start=10.700000
panscan=0.100000
