start=26.800000
speed=1.000000
fullscreen=yes
