start=26.300000
speed=1.210000
fullscreen=yes
