start=5.666667
speed=1.610510
fullscreen=yes
