start=182.133333
speed=1.610510
pause=yes
