start=756.155667
speed=1.026316
volume=80.000000
fullscreen=yes
