start=2308.131776
speed=1.026316
fullscreen=yes
