start=121.375000
speed=1.026316
