start=1026.240000
speed=1.026316
volume=65.000000
