start=33.833333
speed=1.210000
volume=92.000000
sub-ass-override=force
