start=621.033333
speed=1.210000
gamma=-2
contrast=3
deinterlace=yes
