start=562.560000
speed=1.026316
fullscreen=yes
