start=4.800000
speed=1.331000
