start=684.566667
volume=98.000000
fullscreen=yes
sid=no
sub-delay=-0.100000
