start=122.200000
speed=1.000000
volume=102.000000
fullscreen=yes
saturation=-1
