start=140.920000
speed=0.933015
fullscreen=yes
