start=0.533333
speed=1.210000
fullscreen=yes
sub-pos=99
