start=3686.140792
speed=1.026316
pause=yes
volume=108.000000
sid=1
