start=348.466667
speed=1.331000
pause=yes
