start=250.533333
speed=1.464100
pause=no
