start=575.800000
speed=1.026316
