start=252.000000
speed=1.610510
pause=yes
volume=102.000000
gamma=-1
brightness=3
sub-delay=0.100000
