start=33.233000
volume=96.000000
