start=113.800000
speed=1.464100
fullscreen=yes
